0.765474
0.163455
0.531355
0.010356
0.974362
0.532566
0.589680
0.644325
0.224795
0.285748
0.578687
0.075378
0.864322
0.546756
0.654788
0.888434
0.010356
0.974362
0.532566
0.589680
0.864322
0.546756
0.644325
0.644325
0.546756
0.654788
0.888434
0.0753784
0.163455
0.531355
0.010356
0.974362
0.532566
0.589680
0.644325
0.224795
0.285748
0.578687
0.075378
0.864322
0.546756
0.654788
0.888434
0.010356
0.974362
0.532566
0.589680
0.864322
0.546756
0.644325
0.644325
0.546756
0.654788
0.888434
0.0753780.765474
0.163455
0.531355
0.010356
0.974362
0.532566
0.589680
0.644325
0.224795
0.285748
0.578687
0.075378
0.864322
0.546756
0.654788
0.888434
0.010356
0.974362
0.532566
0.589680
0.864322
0.546756
0.644325
0.644325
0.546756
0.654788
0.888434
0.0753784
0.163455
0.531355
0.010356
0.974362
0.532566
0.589680
0.644325
0.224795
0.285748
0.578687
0.075378
0.864322
0.546756
0.654788
0.888434
0.010356
0.974362
0.532566
0.589680
0.864322
0.546756
0.644325